/*--------------------------------*- C++ -*----------------------------------*\
| =========                 |                                                 |
| \\      /  F ield         | foam-extend: Open Source CFD                    |
|  \\    /   O peration     | Version:     4.0                                |
|   \\  /    A nd           | Web:         http://www.foam-extend.org         |
|    \\/     M anipulation  |                                                 |
\*---------------------------------------------------------------------------*/
FoamFile
{
    version     2.0;
    format      ascii;
    class       vectorField;
    location    "constant/polyMesh";
    object      points;
}
// * * * * * * * * * * * * * * * * * * * * * * * * * * * * * * * * * * * * * //


456
(
(0 0 0)
(0.05 0 0)
(0.1 0 0)
(0 0.001245309226 0)
(0.05 0.001245309226 0)
(0.1 0.001245309226 0)
(0 0.002554270099 0)
(0.05 0.002554270099 0)
(0.1 0.002554270099 0)
(0 0.003930136054 0)
(0.05 0.003930136054 0)
(0.1 0.003930136054 0)
(0 0.005376326818 0)
(0.05 0.005376326818 0)
(0.1 0.005376326818 0)
(0 0.006896436913 0)
(0.05 0.006896436913 0)
(0.1 0.006896436913 0)
(0 0.008494244586 0)
(0.05 0.008494244586 0)
(0.1 0.008494244586 0)
(0 0.0101737212 0)
(0.05 0.0101737212 0)
(0.1 0.0101737212 0)
(0 0.01193904112 0)
(0.05 0.01193904112 0)
(0.1 0.01193904112 0)
(0 0.01379459206 0)
(0.05 0.01379459206 0)
(0.1 0.01379459206 0)
(0 0.015744986 0)
(0.05 0.015744986 0)
(0.1 0.015744986 0)
(0 0.01779507067 0)
(0.05 0.01779507067 0)
(0.1 0.01779507067 0)
(0 0.01994994158 0)
(0.05 0.01994994158 0)
(0.1 0.01994994158 0)
(0 0.02221495468 0)
(0.05 0.02221495468 0)
(0.1 0.02221495468 0)
(0 0.02459573968 0)
(0.05 0.02459573968 0)
(0.1 0.02459573968 0)
(0 0.02709821404 0)
(0.05 0.02709821404 0)
(0.1 0.02709821404 0)
(0 0.02972859769 0)
(0.05 0.02972859769 0)
(0.1 0.02972859769 0)
(0 0.03249342846 0)
(0.05 0.03249342846 0)
(0.1 0.03249342846 0)
(0 0.03539957838 0)
(0.05 0.03539957838 0)
(0.1 0.03539957838 0)
(0 0.03845427071 0)
(0.05 0.03845427071 0)
(0.1 0.03845427071 0)
(0 0.04166509791 0)
(0.05 0.04166509791 0)
(0.1 0.04166509791 0)
(0 0.04504004052 0)
(0.05 0.04504004052 0)
(0.1 0.04504004052 0)
(0 0.048587487 0)
(0.05 0.048587487 0)
(0.1 0.048587487 0)
(0 0.05231625455 0)
(0.05 0.05231625455 0)
(0.1 0.05231625455 0)
(0 0.05623561108 0)
(0.05 0.05623561108 0)
(0.1 0.05623561108 0)
(0 0.06035529816 0)
(0.05 0.06035529816 0)
(0.1 0.06035529816 0)
(0 0.06468555533 0)
(0.05 0.06468555533 0)
(0.1 0.06468555533 0)
(0 0.06923714547 0)
(0.05 0.06923714547 0)
(0.1 0.06923714547 0)
(0 0.07402138162 0)
(0.05 0.07402138162 0)
(0.1 0.07402138162 0)
(0 0.07905015503 0)
(0.05 0.07905015503 0)
(0.1 0.07905015503 0)
(0 0.08433596477 0)
(0.05 0.08433596477 0)
(0.1 0.08433596477 0)
(0 0.08989194876 0)
(0.05 0.08989194876 0)
(0.1 0.08989194876 0)
(0 0.09573191646 0)
(0.05 0.09573191646 0)
(0.1 0.09573191646 0)
(0 0.1018703832 0)
(0.05 0.1018703832 0)
(0.1 0.1018703832 0)
(0 0.1083226061 0)
(0.05 0.1083226061 0)
(0.1 0.1083226061 0)
(0 0.1151046223 0)
(0.05 0.1151046223 0)
(0.1 0.1151046223 0)
(0 0.1222332886 0)
(0.05 0.1222332886 0)
(0.1 0.1222332886 0)
(0 0.1297263232 0)
(0.05 0.1297263232 0)
(0.1 0.1297263232 0)
(0 0.1376023503 0)
(0.05 0.1376023503 0)
(0.1 0.1376023503 0)
(0 0.1458809458 0)
(0.05 0.1458809458 0)
(0.1 0.1458809458 0)
(0 0.1545826861 0)
(0.05 0.1545826861 0)
(0.1 0.1545826861 0)
(0 0.1637291996 0)
(0.05 0.1637291996 0)
(0.1 0.1637291996 0)
(0 0.17334322 0)
(0.05 0.17334322 0)
(0.1 0.17334322 0)
(0 0.183448643 0)
(0.05 0.183448643 0)
(0.1 0.183448643 0)
(0 0.1940705858 0)
(0.05 0.1940705858 0)
(0.1 0.1940705858 0)
(0 0.2052354493 0)
(0.05 0.2052354493 0)
(0.1 0.2052354493 0)
(0 0.2169709838 0)
(0.05 0.2169709838 0)
(0.1 0.2169709838 0)
(0 0.2293063582 0)
(0.05 0.2293063582 0)
(0.1 0.2293063582 0)
(0 0.2422722321 0)
(0.05 0.2422722321 0)
(0.1 0.2422722321 0)
(0 0.2559008324 0)
(0.05 0.2559008324 0)
(0.1 0.2559008324 0)
(0 0.2702260331 0)
(0.05 0.2702260331 0)
(0.1 0.2702260331 0)
(0 0.2852834395 0)
(0.05 0.2852834395 0)
(0.1 0.2852834395 0)
(0 0.301110477 0)
(0.05 0.301110477 0)
(0.1 0.301110477 0)
(0 0.3177464839 0)
(0.05 0.3177464839 0)
(0.1 0.3177464839 0)
(0 0.3352328091 0)
(0.05 0.3352328091 0)
(0.1 0.3352328091 0)
(0 0.353612915 0)
(0.05 0.353612915 0)
(0.1 0.353612915 0)
(0 0.3729324856 0)
(0.05 0.3729324856 0)
(0.1 0.3729324856 0)
(0 0.3932395399 0)
(0.05 0.3932395399 0)
(0.1 0.3932395399 0)
(0 0.4145845511 0)
(0.05 0.4145845511 0)
(0.1 0.4145845511 0)
(0 0.4370205726 0)
(0.05 0.4370205726 0)
(0.1 0.4370205726 0)
(0 0.4606033693 0)
(0.05 0.4606033693 0)
(0.1 0.4606033693 0)
(0 0.4853915564 0)
(0.05 0.4853915564 0)
(0.1 0.4853915564 0)
(0 0.5114467453 0)
(0.05 0.5114467453 0)
(0.1 0.5114467453 0)
(0 0.5388336963 0)
(0.05 0.5388336963 0)
(0.1 0.5388336963 0)
(0 0.56762048 0)
(0.05 0.56762048 0)
(0.1 0.56762048 0)
(0 0.5978786462 0)
(0.05 0.5978786462 0)
(0.1 0.5978786462 0)
(0 0.6296834018 0)
(0.05 0.6296834018 0)
(0.1 0.6296834018 0)
(0 0.6631137979 0)
(0.05 0.6631137979 0)
(0.1 0.6631137979 0)
(0 0.698252926 0)
(0.05 0.698252926 0)
(0.1 0.698252926 0)
(0 0.7351881248 0)
(0.05 0.7351881248 0)
(0.1 0.7351881248 0)
(0 0.7740111971 0)
(0.05 0.7740111971 0)
(0.1 0.7740111971 0)
(0 0.8148186379 0)
(0.05 0.8148186379 0)
(0.1 0.8148186379 0)
(0 0.8577118746 0)
(0.05 0.8577118746 0)
(0.1 0.8577118746 0)
(0 0.9027975187 0)
(0.05 0.9027975187 0)
(0.1 0.9027975187 0)
(0 0.950187631 0)
(0.05 0.950187631 0)
(0.1 0.950187631 0)
(0 1 0)
(0.05 1 0)
(0.1 1 0)
(0 0 0.1)
(0.05 0 0.1)
(0.1 0 0.1)
(0 0.001245309226 0.1)
(0.05 0.001245309226 0.1)
(0.1 0.001245309226 0.1)
(0 0.002554270099 0.1)
(0.05 0.002554270099 0.1)
(0.1 0.002554270099 0.1)
(0 0.003930136054 0.1)
(0.05 0.003930136054 0.1)
(0.1 0.003930136054 0.1)
(0 0.005376326818 0.1)
(0.05 0.005376326818 0.1)
(0.1 0.005376326818 0.1)
(0 0.006896436913 0.1)
(0.05 0.006896436913 0.1)
(0.1 0.006896436913 0.1)
(0 0.008494244586 0.1)
(0.05 0.008494244586 0.1)
(0.1 0.008494244586 0.1)
(0 0.0101737212 0.1)
(0.05 0.0101737212 0.1)
(0.1 0.0101737212 0.1)
(0 0.01193904112 0.1)
(0.05 0.01193904112 0.1)
(0.1 0.01193904112 0.1)
(0 0.01379459206 0.1)
(0.05 0.01379459206 0.1)
(0.1 0.01379459206 0.1)
(0 0.015744986 0.1)
(0.05 0.015744986 0.1)
(0.1 0.015744986 0.1)
(0 0.01779507067 0.1)
(0.05 0.01779507067 0.1)
(0.1 0.01779507067 0.1)
(0 0.01994994158 0.1)
(0.05 0.01994994158 0.1)
(0.1 0.01994994158 0.1)
(0 0.02221495468 0.1)
(0.05 0.02221495468 0.1)
(0.1 0.02221495468 0.1)
(0 0.02459573968 0.1)
(0.05 0.02459573968 0.1)
(0.1 0.02459573968 0.1)
(0 0.02709821404 0.1)
(0.05 0.02709821404 0.1)
(0.1 0.02709821404 0.1)
(0 0.02972859769 0.1)
(0.05 0.02972859769 0.1)
(0.1 0.02972859769 0.1)
(0 0.03249342846 0.1)
(0.05 0.03249342846 0.1)
(0.1 0.03249342846 0.1)
(0 0.03539957838 0.1)
(0.05 0.03539957838 0.1)
(0.1 0.03539957838 0.1)
(0 0.03845427071 0.1)
(0.05 0.03845427071 0.1)
(0.1 0.03845427071 0.1)
(0 0.04166509791 0.1)
(0.05 0.04166509791 0.1)
(0.1 0.04166509791 0.1)
(0 0.04504004052 0.1)
(0.05 0.04504004052 0.1)
(0.1 0.04504004052 0.1)
(0 0.048587487 0.1)
(0.05 0.048587487 0.1)
(0.1 0.048587487 0.1)
(0 0.05231625455 0.1)
(0.05 0.05231625455 0.1)
(0.1 0.05231625455 0.1)
(0 0.05623561108 0.1)
(0.05 0.05623561108 0.1)
(0.1 0.05623561108 0.1)
(0 0.06035529816 0.1)
(0.05 0.06035529816 0.1)
(0.1 0.06035529816 0.1)
(0 0.06468555533 0.1)
(0.05 0.06468555533 0.1)
(0.1 0.06468555533 0.1)
(0 0.06923714547 0.1)
(0.05 0.06923714547 0.1)
(0.1 0.06923714547 0.1)
(0 0.07402138162 0.1)
(0.05 0.07402138162 0.1)
(0.1 0.07402138162 0.1)
(0 0.07905015503 0.1)
(0.05 0.07905015503 0.1)
(0.1 0.07905015503 0.1)
(0 0.08433596477 0.1)
(0.05 0.08433596477 0.1)
(0.1 0.08433596477 0.1)
(0 0.08989194876 0.1)
(0.05 0.08989194876 0.1)
(0.1 0.08989194876 0.1)
(0 0.09573191646 0.1)
(0.05 0.09573191646 0.1)
(0.1 0.09573191646 0.1)
(0 0.1018703832 0.1)
(0.05 0.1018703832 0.1)
(0.1 0.1018703832 0.1)
(0 0.1083226061 0.1)
(0.05 0.1083226061 0.1)
(0.1 0.1083226061 0.1)
(0 0.1151046223 0.1)
(0.05 0.1151046223 0.1)
(0.1 0.1151046223 0.1)
(0 0.1222332886 0.1)
(0.05 0.1222332886 0.1)
(0.1 0.1222332886 0.1)
(0 0.1297263232 0.1)
(0.05 0.1297263232 0.1)
(0.1 0.1297263232 0.1)
(0 0.1376023503 0.1)
(0.05 0.1376023503 0.1)
(0.1 0.1376023503 0.1)
(0 0.1458809458 0.1)
(0.05 0.1458809458 0.1)
(0.1 0.1458809458 0.1)
(0 0.1545826861 0.1)
(0.05 0.1545826861 0.1)
(0.1 0.1545826861 0.1)
(0 0.1637291996 0.1)
(0.05 0.1637291996 0.1)
(0.1 0.1637291996 0.1)
(0 0.17334322 0.1)
(0.05 0.17334322 0.1)
(0.1 0.17334322 0.1)
(0 0.183448643 0.1)
(0.05 0.183448643 0.1)
(0.1 0.183448643 0.1)
(0 0.1940705858 0.1)
(0.05 0.1940705858 0.1)
(0.1 0.1940705858 0.1)
(0 0.2052354493 0.1)
(0.05 0.2052354493 0.1)
(0.1 0.2052354493 0.1)
(0 0.2169709838 0.1)
(0.05 0.2169709838 0.1)
(0.1 0.2169709838 0.1)
(0 0.2293063582 0.1)
(0.05 0.2293063582 0.1)
(0.1 0.2293063582 0.1)
(0 0.2422722321 0.1)
(0.05 0.2422722321 0.1)
(0.1 0.2422722321 0.1)
(0 0.2559008324 0.1)
(0.05 0.2559008324 0.1)
(0.1 0.2559008324 0.1)
(0 0.2702260331 0.1)
(0.05 0.2702260331 0.1)
(0.1 0.2702260331 0.1)
(0 0.2852834395 0.1)
(0.05 0.2852834395 0.1)
(0.1 0.2852834395 0.1)
(0 0.301110477 0.1)
(0.05 0.301110477 0.1)
(0.1 0.301110477 0.1)
(0 0.3177464839 0.1)
(0.05 0.3177464839 0.1)
(0.1 0.3177464839 0.1)
(0 0.3352328091 0.1)
(0.05 0.3352328091 0.1)
(0.1 0.3352328091 0.1)
(0 0.353612915 0.1)
(0.05 0.353612915 0.1)
(0.1 0.353612915 0.1)
(0 0.3729324856 0.1)
(0.05 0.3729324856 0.1)
(0.1 0.3729324856 0.1)
(0 0.3932395399 0.1)
(0.05 0.3932395399 0.1)
(0.1 0.3932395399 0.1)
(0 0.4145845511 0.1)
(0.05 0.4145845511 0.1)
(0.1 0.4145845511 0.1)
(0 0.4370205726 0.1)
(0.05 0.4370205726 0.1)
(0.1 0.4370205726 0.1)
(0 0.4606033693 0.1)
(0.05 0.4606033693 0.1)
(0.1 0.4606033693 0.1)
(0 0.4853915564 0.1)
(0.05 0.4853915564 0.1)
(0.1 0.4853915564 0.1)
(0 0.5114467453 0.1)
(0.05 0.5114467453 0.1)
(0.1 0.5114467453 0.1)
(0 0.5388336963 0.1)
(0.05 0.5388336963 0.1)
(0.1 0.5388336963 0.1)
(0 0.56762048 0.1)
(0.05 0.56762048 0.1)
(0.1 0.56762048 0.1)
(0 0.5978786462 0.1)
(0.05 0.5978786462 0.1)
(0.1 0.5978786462 0.1)
(0 0.6296834018 0.1)
(0.05 0.6296834018 0.1)
(0.1 0.6296834018 0.1)
(0 0.6631137979 0.1)
(0.05 0.6631137979 0.1)
(0.1 0.6631137979 0.1)
(0 0.698252926 0.1)
(0.05 0.698252926 0.1)
(0.1 0.698252926 0.1)
(0 0.7351881248 0.1)
(0.05 0.7351881248 0.1)
(0.1 0.7351881248 0.1)
(0 0.7740111971 0.1)
(0.05 0.7740111971 0.1)
(0.1 0.7740111971 0.1)
(0 0.8148186379 0.1)
(0.05 0.8148186379 0.1)
(0.1 0.8148186379 0.1)
(0 0.8577118746 0.1)
(0.05 0.8577118746 0.1)
(0.1 0.8577118746 0.1)
(0 0.9027975187 0.1)
(0.05 0.9027975187 0.1)
(0.1 0.9027975187 0.1)
(0 0.950187631 0.1)
(0.05 0.950187631 0.1)
(0.1 0.950187631 0.1)
(0 1 0.1)
(0.05 1 0.1)
(0.1 1 0.1)
)


// ************************************************************************* //
