/*--------------------------------*- C++ -*----------------------------------*\
| =========                 |                                                 |
| \\      /  F ield         | foam-extend: Open Source CFD                    |
|  \\    /   O peration     | Version:     4.0                                |
|   \\  /    A nd           | Web:         http://www.foam-extend.org         |
|    \\/     M anipulation  |                                                 |
\*---------------------------------------------------------------------------*/
FoamFile
{
    version     2.0;
    format      ascii;
    class       faceList;
    location    "constant/polyMesh";
    object      faces;
}
// * * * * * * * * * * * * * * * * * * * * * * * * * * * * * * * * * * * * * //


677
(
4(1 4 232 229)
4(3 231 232 4)
4(4 232 233 5)
4(4 7 235 232)
4(6 234 235 7)
4(7 235 236 8)
4(7 10 238 235)
4(9 237 238 10)
4(10 238 239 11)
4(10 13 241 238)
4(12 240 241 13)
4(13 241 242 14)
4(13 16 244 241)
4(15 243 244 16)
4(16 244 245 17)
4(16 19 247 244)
4(18 246 247 19)
4(19 247 248 20)
4(19 22 250 247)
4(21 249 250 22)
4(22 250 251 23)
4(22 25 253 250)
4(24 252 253 25)
4(25 253 254 26)
4(25 28 256 253)
4(27 255 256 28)
4(28 256 257 29)
4(28 31 259 256)
4(30 258 259 31)
4(31 259 260 32)
4(31 34 262 259)
4(33 261 262 34)
4(34 262 263 35)
4(34 37 265 262)
4(36 264 265 37)
4(37 265 266 38)
4(37 40 268 265)
4(39 267 268 40)
4(40 268 269 41)
4(40 43 271 268)
4(42 270 271 43)
4(43 271 272 44)
4(43 46 274 271)
4(45 273 274 46)
4(46 274 275 47)
4(46 49 277 274)
4(48 276 277 49)
4(49 277 278 50)
4(49 52 280 277)
4(51 279 280 52)
4(52 280 281 53)
4(52 55 283 280)
4(54 282 283 55)
4(55 283 284 56)
4(55 58 286 283)
4(57 285 286 58)
4(58 286 287 59)
4(58 61 289 286)
4(60 288 289 61)
4(61 289 290 62)
4(61 64 292 289)
4(63 291 292 64)
4(64 292 293 65)
4(64 67 295 292)
4(66 294 295 67)
4(67 295 296 68)
4(67 70 298 295)
4(69 297 298 70)
4(70 298 299 71)
4(70 73 301 298)
4(72 300 301 73)
4(73 301 302 74)
4(73 76 304 301)
4(75 303 304 76)
4(76 304 305 77)
4(76 79 307 304)
4(78 306 307 79)
4(79 307 308 80)
4(79 82 310 307)
4(81 309 310 82)
4(82 310 311 83)
4(82 85 313 310)
4(84 312 313 85)
4(85 313 314 86)
4(85 88 316 313)
4(87 315 316 88)
4(88 316 317 89)
4(88 91 319 316)
4(90 318 319 91)
4(91 319 320 92)
4(91 94 322 319)
4(93 321 322 94)
4(94 322 323 95)
4(94 97 325 322)
4(96 324 325 97)
4(97 325 326 98)
4(97 100 328 325)
4(99 327 328 100)
4(100 328 329 101)
4(100 103 331 328)
4(102 330 331 103)
4(103 331 332 104)
4(103 106 334 331)
4(105 333 334 106)
4(106 334 335 107)
4(106 109 337 334)
4(108 336 337 109)
4(109 337 338 110)
4(109 112 340 337)
4(111 339 340 112)
4(112 340 341 113)
4(112 115 343 340)
4(114 342 343 115)
4(115 343 344 116)
4(115 118 346 343)
4(117 345 346 118)
4(118 346 347 119)
4(118 121 349 346)
4(120 348 349 121)
4(121 349 350 122)
4(121 124 352 349)
4(123 351 352 124)
4(124 352 353 125)
4(124 127 355 352)
4(126 354 355 127)
4(127 355 356 128)
4(127 130 358 355)
4(129 357 358 130)
4(130 358 359 131)
4(130 133 361 358)
4(132 360 361 133)
4(133 361 362 134)
4(133 136 364 361)
4(135 363 364 136)
4(136 364 365 137)
4(136 139 367 364)
4(138 366 367 139)
4(139 367 368 140)
4(139 142 370 367)
4(141 369 370 142)
4(142 370 371 143)
4(142 145 373 370)
4(144 372 373 145)
4(145 373 374 146)
4(145 148 376 373)
4(147 375 376 148)
4(148 376 377 149)
4(148 151 379 376)
4(150 378 379 151)
4(151 379 380 152)
4(151 154 382 379)
4(153 381 382 154)
4(154 382 383 155)
4(154 157 385 382)
4(156 384 385 157)
4(157 385 386 158)
4(157 160 388 385)
4(159 387 388 160)
4(160 388 389 161)
4(160 163 391 388)
4(162 390 391 163)
4(163 391 392 164)
4(163 166 394 391)
4(165 393 394 166)
4(166 394 395 167)
4(166 169 397 394)
4(168 396 397 169)
4(169 397 398 170)
4(169 172 400 397)
4(171 399 400 172)
4(172 400 401 173)
4(172 175 403 400)
4(174 402 403 175)
4(175 403 404 176)
4(175 178 406 403)
4(177 405 406 178)
4(178 406 407 179)
4(178 181 409 406)
4(180 408 409 181)
4(181 409 410 182)
4(181 184 412 409)
4(183 411 412 184)
4(184 412 413 185)
4(184 187 415 412)
4(186 414 415 187)
4(187 415 416 188)
4(187 190 418 415)
4(189 417 418 190)
4(190 418 419 191)
4(190 193 421 418)
4(192 420 421 193)
4(193 421 422 194)
4(193 196 424 421)
4(195 423 424 196)
4(196 424 425 197)
4(196 199 427 424)
4(198 426 427 199)
4(199 427 428 200)
4(199 202 430 427)
4(201 429 430 202)
4(202 430 431 203)
4(202 205 433 430)
4(204 432 433 205)
4(205 433 434 206)
4(205 208 436 433)
4(207 435 436 208)
4(208 436 437 209)
4(208 211 439 436)
4(210 438 439 211)
4(211 439 440 212)
4(211 214 442 439)
4(213 441 442 214)
4(214 442 443 215)
4(214 217 445 442)
4(216 444 445 217)
4(217 445 446 218)
4(217 220 448 445)
4(219 447 448 220)
4(220 448 449 221)
4(220 223 451 448)
4(222 450 451 223)
4(223 451 452 224)
4(223 226 454 451)
4(0 228 231 3)
4(3 231 234 6)
4(6 234 237 9)
4(9 237 240 12)
4(12 240 243 15)
4(15 243 246 18)
4(18 246 249 21)
4(21 249 252 24)
4(24 252 255 27)
4(27 255 258 30)
4(30 258 261 33)
4(33 261 264 36)
4(36 264 267 39)
4(39 267 270 42)
4(42 270 273 45)
4(45 273 276 48)
4(48 276 279 51)
4(51 279 282 54)
4(54 282 285 57)
4(57 285 288 60)
4(60 288 291 63)
4(63 291 294 66)
4(66 294 297 69)
4(69 297 300 72)
4(72 300 303 75)
4(75 303 306 78)
4(78 306 309 81)
4(81 309 312 84)
4(84 312 315 87)
4(87 315 318 90)
4(90 318 321 93)
4(93 321 324 96)
4(96 324 327 99)
4(99 327 330 102)
4(102 330 333 105)
4(105 333 336 108)
4(108 336 339 111)
4(111 339 342 114)
4(114 342 345 117)
4(117 345 348 120)
4(120 348 351 123)
4(123 351 354 126)
4(126 354 357 129)
4(129 357 360 132)
4(132 360 363 135)
4(135 363 366 138)
4(138 366 369 141)
4(141 369 372 144)
4(144 372 375 147)
4(147 375 378 150)
4(150 378 381 153)
4(153 381 384 156)
4(156 384 387 159)
4(159 387 390 162)
4(162 390 393 165)
4(165 393 396 168)
4(168 396 399 171)
4(171 399 402 174)
4(174 402 405 177)
4(177 405 408 180)
4(180 408 411 183)
4(183 411 414 186)
4(186 414 417 189)
4(189 417 420 192)
4(192 420 423 195)
4(195 423 426 198)
4(198 426 429 201)
4(201 429 432 204)
4(204 432 435 207)
4(207 435 438 210)
4(210 438 441 213)
4(213 441 444 216)
4(216 444 447 219)
4(219 447 450 222)
4(222 450 453 225)
4(2 5 233 230)
4(5 8 236 233)
4(8 11 239 236)
4(11 14 242 239)
4(14 17 245 242)
4(17 20 248 245)
4(20 23 251 248)
4(23 26 254 251)
4(26 29 257 254)
4(29 32 260 257)
4(32 35 263 260)
4(35 38 266 263)
4(38 41 269 266)
4(41 44 272 269)
4(44 47 275 272)
4(47 50 278 275)
4(50 53 281 278)
4(53 56 284 281)
4(56 59 287 284)
4(59 62 290 287)
4(62 65 293 290)
4(65 68 296 293)
4(68 71 299 296)
4(71 74 302 299)
4(74 77 305 302)
4(77 80 308 305)
4(80 83 311 308)
4(83 86 314 311)
4(86 89 317 314)
4(89 92 320 317)
4(92 95 323 320)
4(95 98 326 323)
4(98 101 329 326)
4(101 104 332 329)
4(104 107 335 332)
4(107 110 338 335)
4(110 113 341 338)
4(113 116 344 341)
4(116 119 347 344)
4(119 122 350 347)
4(122 125 353 350)
4(125 128 356 353)
4(128 131 359 356)
4(131 134 362 359)
4(134 137 365 362)
4(137 140 368 365)
4(140 143 371 368)
4(143 146 374 371)
4(146 149 377 374)
4(149 152 380 377)
4(152 155 383 380)
4(155 158 386 383)
4(158 161 389 386)
4(161 164 392 389)
4(164 167 395 392)
4(167 170 398 395)
4(170 173 401 398)
4(173 176 404 401)
4(176 179 407 404)
4(179 182 410 407)
4(182 185 413 410)
4(185 188 416 413)
4(188 191 419 416)
4(191 194 422 419)
4(194 197 425 422)
4(197 200 428 425)
4(200 203 431 428)
4(203 206 434 431)
4(206 209 437 434)
4(209 212 440 437)
4(212 215 443 440)
4(215 218 446 443)
4(218 221 449 446)
4(221 224 452 449)
4(224 227 455 452)
4(0 1 229 228)
4(1 2 230 229)
4(0 3 4 1)
4(3 6 7 4)
4(6 9 10 7)
4(9 12 13 10)
4(12 15 16 13)
4(15 18 19 16)
4(18 21 22 19)
4(21 24 25 22)
4(24 27 28 25)
4(27 30 31 28)
4(30 33 34 31)
4(33 36 37 34)
4(36 39 40 37)
4(39 42 43 40)
4(42 45 46 43)
4(45 48 49 46)
4(48 51 52 49)
4(51 54 55 52)
4(54 57 58 55)
4(57 60 61 58)
4(60 63 64 61)
4(63 66 67 64)
4(66 69 70 67)
4(69 72 73 70)
4(72 75 76 73)
4(75 78 79 76)
4(78 81 82 79)
4(81 84 85 82)
4(84 87 88 85)
4(87 90 91 88)
4(90 93 94 91)
4(93 96 97 94)
4(96 99 100 97)
4(99 102 103 100)
4(102 105 106 103)
4(105 108 109 106)
4(108 111 112 109)
4(111 114 115 112)
4(114 117 118 115)
4(117 120 121 118)
4(120 123 124 121)
4(123 126 127 124)
4(126 129 130 127)
4(129 132 133 130)
4(132 135 136 133)
4(135 138 139 136)
4(138 141 142 139)
4(141 144 145 142)
4(144 147 148 145)
4(147 150 151 148)
4(150 153 154 151)
4(153 156 157 154)
4(156 159 160 157)
4(159 162 163 160)
4(162 165 166 163)
4(165 168 169 166)
4(168 171 172 169)
4(171 174 175 172)
4(174 177 178 175)
4(177 180 181 178)
4(180 183 184 181)
4(183 186 187 184)
4(186 189 190 187)
4(189 192 193 190)
4(192 195 196 193)
4(195 198 199 196)
4(198 201 202 199)
4(201 204 205 202)
4(204 207 208 205)
4(207 210 211 208)
4(210 213 214 211)
4(213 216 217 214)
4(216 219 220 217)
4(219 222 223 220)
4(222 225 226 223)
4(1 4 5 2)
4(4 7 8 5)
4(7 10 11 8)
4(10 13 14 11)
4(13 16 17 14)
4(16 19 20 17)
4(19 22 23 20)
4(22 25 26 23)
4(25 28 29 26)
4(28 31 32 29)
4(31 34 35 32)
4(34 37 38 35)
4(37 40 41 38)
4(40 43 44 41)
4(43 46 47 44)
4(46 49 50 47)
4(49 52 53 50)
4(52 55 56 53)
4(55 58 59 56)
4(58 61 62 59)
4(61 64 65 62)
4(64 67 68 65)
4(67 70 71 68)
4(70 73 74 71)
4(73 76 77 74)
4(76 79 80 77)
4(79 82 83 80)
4(82 85 86 83)
4(85 88 89 86)
4(88 91 92 89)
4(91 94 95 92)
4(94 97 98 95)
4(97 100 101 98)
4(100 103 104 101)
4(103 106 107 104)
4(106 109 110 107)
4(109 112 113 110)
4(112 115 116 113)
4(115 118 119 116)
4(118 121 122 119)
4(121 124 125 122)
4(124 127 128 125)
4(127 130 131 128)
4(130 133 134 131)
4(133 136 137 134)
4(136 139 140 137)
4(139 142 143 140)
4(142 145 146 143)
4(145 148 149 146)
4(148 151 152 149)
4(151 154 155 152)
4(154 157 158 155)
4(157 160 161 158)
4(160 163 164 161)
4(163 166 167 164)
4(166 169 170 167)
4(169 172 173 170)
4(172 175 176 173)
4(175 178 179 176)
4(178 181 182 179)
4(181 184 185 182)
4(184 187 188 185)
4(187 190 191 188)
4(190 193 194 191)
4(193 196 197 194)
4(196 199 200 197)
4(199 202 203 200)
4(202 205 206 203)
4(205 208 209 206)
4(208 211 212 209)
4(211 214 215 212)
4(214 217 218 215)
4(217 220 221 218)
4(220 223 224 221)
4(223 226 227 224)
4(228 229 232 231)
4(231 232 235 234)
4(234 235 238 237)
4(237 238 241 240)
4(240 241 244 243)
4(243 244 247 246)
4(246 247 250 249)
4(249 250 253 252)
4(252 253 256 255)
4(255 256 259 258)
4(258 259 262 261)
4(261 262 265 264)
4(264 265 268 267)
4(267 268 271 270)
4(270 271 274 273)
4(273 274 277 276)
4(276 277 280 279)
4(279 280 283 282)
4(282 283 286 285)
4(285 286 289 288)
4(288 289 292 291)
4(291 292 295 294)
4(294 295 298 297)
4(297 298 301 300)
4(300 301 304 303)
4(303 304 307 306)
4(306 307 310 309)
4(309 310 313 312)
4(312 313 316 315)
4(315 316 319 318)
4(318 319 322 321)
4(321 322 325 324)
4(324 325 328 327)
4(327 328 331 330)
4(330 331 334 333)
4(333 334 337 336)
4(336 337 340 339)
4(339 340 343 342)
4(342 343 346 345)
4(345 346 349 348)
4(348 349 352 351)
4(351 352 355 354)
4(354 355 358 357)
4(357 358 361 360)
4(360 361 364 363)
4(363 364 367 366)
4(366 367 370 369)
4(369 370 373 372)
4(372 373 376 375)
4(375 376 379 378)
4(378 379 382 381)
4(381 382 385 384)
4(384 385 388 387)
4(387 388 391 390)
4(390 391 394 393)
4(393 394 397 396)
4(396 397 400 399)
4(399 400 403 402)
4(402 403 406 405)
4(405 406 409 408)
4(408 409 412 411)
4(411 412 415 414)
4(414 415 418 417)
4(417 418 421 420)
4(420 421 424 423)
4(423 424 427 426)
4(426 427 430 429)
4(429 430 433 432)
4(432 433 436 435)
4(435 436 439 438)
4(438 439 442 441)
4(441 442 445 444)
4(444 445 448 447)
4(447 448 451 450)
4(450 451 454 453)
4(229 230 233 232)
4(232 233 236 235)
4(235 236 239 238)
4(238 239 242 241)
4(241 242 245 244)
4(244 245 248 247)
4(247 248 251 250)
4(250 251 254 253)
4(253 254 257 256)
4(256 257 260 259)
4(259 260 263 262)
4(262 263 266 265)
4(265 266 269 268)
4(268 269 272 271)
4(271 272 275 274)
4(274 275 278 277)
4(277 278 281 280)
4(280 281 284 283)
4(283 284 287 286)
4(286 287 290 289)
4(289 290 293 292)
4(292 293 296 295)
4(295 296 299 298)
4(298 299 302 301)
4(301 302 305 304)
4(304 305 308 307)
4(307 308 311 310)
4(310 311 314 313)
4(313 314 317 316)
4(316 317 320 319)
4(319 320 323 322)
4(322 323 326 325)
4(325 326 329 328)
4(328 329 332 331)
4(331 332 335 334)
4(334 335 338 337)
4(337 338 341 340)
4(340 341 344 343)
4(343 344 347 346)
4(346 347 350 349)
4(349 350 353 352)
4(352 353 356 355)
4(355 356 359 358)
4(358 359 362 361)
4(361 362 365 364)
4(364 365 368 367)
4(367 368 371 370)
4(370 371 374 373)
4(373 374 377 376)
4(376 377 380 379)
4(379 380 383 382)
4(382 383 386 385)
4(385 386 389 388)
4(388 389 392 391)
4(391 392 395 394)
4(394 395 398 397)
4(397 398 401 400)
4(400 401 404 403)
4(403 404 407 406)
4(406 407 410 409)
4(409 410 413 412)
4(412 413 416 415)
4(415 416 419 418)
4(418 419 422 421)
4(421 422 425 424)
4(424 425 428 427)
4(427 428 431 430)
4(430 431 434 433)
4(433 434 437 436)
4(436 437 440 439)
4(439 440 443 442)
4(442 443 446 445)
4(445 446 449 448)
4(448 449 452 451)
4(451 452 455 454)
4(225 453 454 226)
4(226 454 455 227)
)


// ************************************************************************* //
